20 13 5 682
Due dates
1893 inf 745 1854 2003 inf inf 709 inf 1798 753 1785 1050
796 827 831 828 inf inf 705 705 878 848 880 825 3339
778 717 748 756 708 714 732 inf 745 770 748 714 1058
1218 inf inf inf inf 1144 inf inf inf inf inf inf 1120
1630 1607 1581 1538 833 1378 975 1158 865 843 843 820 947
896 890 895 891 837 836 851 850 845 886 835 881 818
905 899 809 924 726 743 758 758 841 816 inf 810 747
870 868 857 853 778 781 798 806 884 849 887 842 inf
842 834 832 835 811 806 735 706 879 743 760 831 inf
818 810 802 805 767 765 771 766 800 786 795 778 779
inf 757 1327 inf 1122 1198 1309 1148 1370 1306 790 inf 1116
701 871 811 860 785 1204 1226 1222 818 700 872 746 804
inf inf 1401 1440 1337 1325 1365 inf 1464 inf 1473 inf 1268
853 936 841 848 735 734 753 807 875 850 inf 841 764
inf inf inf inf 916 915 927 1024 inf inf inf inf 960
795 791 767 787 inf 728 745 711 822 795 835 796 1725
848 841 841 839 823 798 804 802 833 818 822 802 767
818 867 806 810 738 738 765 inf 845 843 889 866 1326
805 798 965 798 958 956 802 975 803 789 799 782 887
798 745 797 791 inf 733 735 734 826 751 786 794 1735
Standard deviation
890 0 37 864 975 0 0 16 0 819 38 809 241
74 84 94 88 0 0 16 16 113 96 114 82 2187
55 20 35 40 15 19 30 0 35 50 37 18 238
349 0 0 0 0 304 0 0 0 0 0 0 292
675 658 642 610 60 498 192 329 62 48 39 13 169
121 118 93 119 90 90 98 97 37 84 11 78 78
111 107 71 127 27 35 44 43 92 72 0 74 36
105 88 98 97 58 59 69 74 112 93 113 89 0
78 74 73 74 67 64 26 12 94 28 36 70 0
51 47 43 42 34 33 34 30 26 20 18 10 38
0 45 446 0 311 365 445 327 473 429 64 0 298
12 81 34 73 31 370 373 370 11 11 74 36 43
0 0 502 529 462 453 480 0 538 0 544 0 410
97 138 91 94 32 32 43 73 108 94 0 90 47
0 0 0 0 153 152 135 222 0 0 0 0 176
66 64 53 63 0 27 37 19 82 63 91 68 772
67 64 64 62 68 49 51 49 48 41 36 28 11
85 116 78 80 37 36 54 0 101 96 119 115 451
40 36 165 36 167 166 44 177 27 21 20 12 120
66 40 66 66 0 30 33 33 81 41 61 63 786
Previous repair times
562 389 327 563 554 555 395 396 397 564 401 556 530 
183 422 291 373 176 177 178 184 431 432 435 423 593 
376 346 428 429 430 379 380 341 347 381 348 351 600 
533 305 306 309 534 535 536 680 390 310 393 383 516 
556 557 558 561 666 562 459 491 667 668 669 670 464 
498 499 659 500 501 502 505 506 668 660 669 661 493 
610 611 466 605 395 467 470 471 396 472 332 400 463 
493 610 494 479 472 480 481 495 498 484 499 485 393 
564 565 568 569 586 589 528 492 590 493 494 570 479 
620 621 624 625 626 627 628 631 632 633 634 635 617 
313 296 449 675 444 498 547 450 451 452 316 194 457 
257 642 654 645 655 502 550 551 656 267 646 368 649 
310 639 514 515 516 519 520 521 522 290 523 291 509 
459 586 467 470 387 388 389 471 472 473 316 460 456 
670 677 673 674 435 436 654 535 680 681 682 289 486 
359 360 250 361 166 415 416 255 362 417 346 347 583 
625 626 627 628 620 631 632 633 634 635 638 639 642 
276 298 277 278 281 282 271 164 283 380 439 299 576 
625 626 547 627 548 549 628 550 631 632 633 634 542 
415 211 410 337 313 416 338 339 417 317 318 418 569 
Processing times
1 1 1 1 1 1 1 1 1 1 1 1 3 1 1 1 1 1 1 1 1 1 1 1 1 3 1 1 1 1 1 1 1 1 1 1 1 1 3 1 1 1 1 1 1 1 1 1 1 1 1 3 1 1 1 1 1 1 1 1 1 1 1 1 3 
1 1 1 1 1 1 1 1 1 1 1 1 3 1 1 1 1 1 1 1 1 1 1 1 1 3 1 1 1 1 1 1 1 1 1 1 1 1 3 1 1 1 1 1 1 1 1 1 1 1 1 3 1 1 1 1 1 1 1 1 1 1 1 1 3 
1 1 1 1 1 1 1 1 1 1 1 1 3 1 1 1 1 1 1 1 1 1 1 1 1 3 1 1 1 1 1 1 1 1 1 1 1 1 3 1 1 1 1 1 1 1 1 1 1 1 1 3 1 1 1 1 1 1 1 1 1 1 1 1 3 
1 1 1 1 1 1 1 1 1 1 1 1 3 1 1 1 1 1 1 1 1 1 1 1 1 3 1 1 1 1 1 1 1 1 1 1 1 1 3 1 1 1 1 1 1 1 1 1 1 1 1 3 1 1 1 1 1 1 1 1 1 1 1 1 3 
1 1 1 1 1 1 1 1 1 1 1 1 3 1 1 1 1 1 1 1 1 1 1 1 1 3 1 1 1 1 1 1 1 1 1 1 1 1 3 1 1 1 1 1 1 1 1 1 1 1 1 3 1 1 1 1 1 1 1 1 1 1 1 1 3 
1 1 1 1 1 1 1 1 1 1 1 1 3 1 1 1 1 1 1 1 1 1 1 1 1 3 1 1 1 1 1 1 1 1 1 1 1 1 3 1 1 1 1 1 1 1 1 1 1 1 1 3 1 1 1 1 1 1 1 1 1 1 1 1 3 
1 1 1 1 1 1 1 1 1 1 1 1 3 1 1 1 1 1 1 1 1 1 1 1 1 3 1 1 1 1 1 1 1 1 1 1 1 1 3 1 1 1 1 1 1 1 1 1 1 1 1 3 1 1 1 1 1 1 1 1 1 1 1 1 3 
1 1 1 1 1 1 1 1 1 1 1 1 3 1 1 1 1 1 1 1 1 1 1 1 1 3 1 1 1 1 1 1 1 1 1 1 1 1 3 1 1 1 1 1 1 1 1 1 1 1 1 3 1 1 1 1 1 1 1 1 1 1 1 1 3 
1 1 1 1 1 1 1 1 1 1 1 1 3 1 1 1 1 1 1 1 1 1 1 1 1 3 1 1 1 1 1 1 1 1 1 1 1 1 3 1 1 1 1 1 1 1 1 1 1 1 1 3 1 1 1 1 1 1 1 1 1 1 1 1 3 
1 1 1 1 1 1 1 1 1 1 1 1 3 1 1 1 1 1 1 1 1 1 1 1 1 3 1 1 1 1 1 1 1 1 1 1 1 1 3 1 1 1 1 1 1 1 1 1 1 1 1 3 1 1 1 1 1 1 1 1 1 1 1 1 3 
1 1 1 1 1 1 1 1 1 1 1 1 3 1 1 1 1 1 1 1 1 1 1 1 1 3 1 1 1 1 1 1 1 1 1 1 1 1 3 1 1 1 1 1 1 1 1 1 1 1 1 3 1 1 1 1 1 1 1 1 1 1 1 1 3 
1 1 1 1 1 1 1 1 1 1 1 1 3 1 1 1 1 1 1 1 1 1 1 1 1 3 1 1 1 1 1 1 1 1 1 1 1 1 3 1 1 1 1 1 1 1 1 1 1 1 1 3 1 1 1 1 1 1 1 1 1 1 1 1 3 
1 1 1 1 1 1 1 1 1 1 1 1 3 1 1 1 1 1 1 1 1 1 1 1 1 3 1 1 1 1 1 1 1 1 1 1 1 1 3 1 1 1 1 1 1 1 1 1 1 1 1 3 1 1 1 1 1 1 1 1 1 1 1 1 3 
1 1 1 1 1 1 1 1 1 1 1 1 3 1 1 1 1 1 1 1 1 1 1 1 1 3 1 1 1 1 1 1 1 1 1 1 1 1 3 1 1 1 1 1 1 1 1 1 1 1 1 3 1 1 1 1 1 1 1 1 1 1 1 1 3 
1 1 1 1 1 1 1 1 1 1 1 1 3 1 1 1 1 1 1 1 1 1 1 1 1 3 1 1 1 1 1 1 1 1 1 1 1 1 3 1 1 1 1 1 1 1 1 1 1 1 1 3 1 1 1 1 1 1 1 1 1 1 1 1 3 
1 1 1 1 1 1 1 1 1 1 1 1 3 1 1 1 1 1 1 1 1 1 1 1 1 3 1 1 1 1 1 1 1 1 1 1 1 1 3 1 1 1 1 1 1 1 1 1 1 1 1 3 1 1 1 1 1 1 1 1 1 1 1 1 3 
1 1 1 1 1 1 1 1 1 1 1 1 3 1 1 1 1 1 1 1 1 1 1 1 1 3 1 1 1 1 1 1 1 1 1 1 1 1 3 1 1 1 1 1 1 1 1 1 1 1 1 3 1 1 1 1 1 1 1 1 1 1 1 1 3 
1 1 1 1 1 1 1 1 1 1 1 1 3 1 1 1 1 1 1 1 1 1 1 1 1 3 1 1 1 1 1 1 1 1 1 1 1 1 3 1 1 1 1 1 1 1 1 1 1 1 1 3 1 1 1 1 1 1 1 1 1 1 1 1 3 
1 1 1 1 1 1 1 1 1 1 1 1 3 1 1 1 1 1 1 1 1 1 1 1 1 3 1 1 1 1 1 1 1 1 1 1 1 1 3 1 1 1 1 1 1 1 1 1 1 1 1 3 1 1 1 1 1 1 1 1 1 1 1 1 3 
1 1 1 1 1 1 1 1 1 1 1 1 3 1 1 1 1 1 1 1 1 1 1 1 1 3 1 1 1 1 1 1 1 1 1 1 1 1 3 1 1 1 1 1 1 1 1 1 1 1 1 3 1 1 1 1 1 1 1 1 1 1 1 1 3 
Maintenance costs
1100 1100 1300 1300 100 100 200 200 220 220 300 300 5000 1100 1100 1300 1300 100 100 200 200 220 220 300 300 5000 1100 1100 1300 1300 100 100 200 200 220 220 300 300 5000 1100 1100 1300 1300 100 100 200 200 220 220 300 300 5000 1100 1100 1300 1300 100 100 200 200 220 220 300 300 5000 
1100 1100 1300 1300 100 100 200 200 220 220 300 300 5000 1100 1100 1300 1300 100 100 200 200 220 220 300 300 5000 1100 1100 1300 1300 100 100 200 200 220 220 300 300 5000 1100 1100 1300 1300 100 100 200 200 220 220 300 300 5000 1100 1100 1300 1300 100 100 200 200 220 220 300 300 5000 
1100 1100 1300 1300 100 100 200 200 220 220 300 300 5000 1100 1100 1300 1300 100 100 200 200 220 220 300 300 5000 1100 1100 1300 1300 100 100 200 200 220 220 300 300 5000 1100 1100 1300 1300 100 100 200 200 220 220 300 300 5000 1100 1100 1300 1300 100 100 200 200 220 220 300 300 5000 
1100 1100 1300 1300 100 100 200 200 220 220 300 300 5000 1100 1100 1300 1300 100 100 200 200 220 220 300 300 5000 1100 1100 1300 1300 100 100 200 200 220 220 300 300 5000 1100 1100 1300 1300 100 100 200 200 220 220 300 300 5000 1100 1100 1300 1300 100 100 200 200 220 220 300 300 5000 
1100 1100 1300 1300 100 100 200 200 220 220 300 300 5000 1100 1100 1300 1300 100 100 200 200 220 220 300 300 5000 1100 1100 1300 1300 100 100 200 200 220 220 300 300 5000 1100 1100 1300 1300 100 100 200 200 220 220 300 300 5000 1100 1100 1300 1300 100 100 200 200 220 220 300 300 5000 
1100 1100 1300 1300 100 100 200 200 220 220 300 300 5000 1100 1100 1300 1300 100 100 200 200 220 220 300 300 5000 1100 1100 1300 1300 100 100 200 200 220 220 300 300 5000 1100 1100 1300 1300 100 100 200 200 220 220 300 300 5000 1100 1100 1300 1300 100 100 200 200 220 220 300 300 5000 
1100 1100 1300 1300 100 100 200 200 220 220 300 300 5000 1100 1100 1300 1300 100 100 200 200 220 220 300 300 5000 1100 1100 1300 1300 100 100 200 200 220 220 300 300 5000 1100 1100 1300 1300 100 100 200 200 220 220 300 300 5000 1100 1100 1300 1300 100 100 200 200 220 220 300 300 5000 
1100 1100 1300 1300 100 100 200 200 220 220 300 300 5000 1100 1100 1300 1300 100 100 200 200 220 220 300 300 5000 1100 1100 1300 1300 100 100 200 200 220 220 300 300 5000 1100 1100 1300 1300 100 100 200 200 220 220 300 300 5000 1100 1100 1300 1300 100 100 200 200 220 220 300 300 5000 
1100 1100 1300 1300 100 100 200 200 220 220 300 300 5000 1100 1100 1300 1300 100 100 200 200 220 220 300 300 5000 1100 1100 1300 1300 100 100 200 200 220 220 300 300 5000 1100 1100 1300 1300 100 100 200 200 220 220 300 300 5000 1100 1100 1300 1300 100 100 200 200 220 220 300 300 5000 
1100 1100 1300 1300 100 100 200 200 220 220 300 300 5000 1100 1100 1300 1300 100 100 200 200 220 220 300 300 5000 1100 1100 1300 1300 100 100 200 200 220 220 300 300 5000 1100 1100 1300 1300 100 100 200 200 220 220 300 300 5000 1100 1100 1300 1300 100 100 200 200 220 220 300 300 5000 
1100 1100 1300 1300 100 100 200 200 220 220 300 300 5000 1100 1100 1300 1300 100 100 200 200 220 220 300 300 5000 1100 1100 1300 1300 100 100 200 200 220 220 300 300 5000 1100 1100 1300 1300 100 100 200 200 220 220 300 300 5000 1100 1100 1300 1300 100 100 200 200 220 220 300 300 5000 
1100 1100 1300 1300 100 100 200 200 220 220 300 300 5000 1100 1100 1300 1300 100 100 200 200 220 220 300 300 5000 1100 1100 1300 1300 100 100 200 200 220 220 300 300 5000 1100 1100 1300 1300 100 100 200 200 220 220 300 300 5000 1100 1100 1300 1300 100 100 200 200 220 220 300 300 5000 
1100 1100 1300 1300 100 100 200 200 220 220 300 300 5000 1100 1100 1300 1300 100 100 200 200 220 220 300 300 5000 1100 1100 1300 1300 100 100 200 200 220 220 300 300 5000 1100 1100 1300 1300 100 100 200 200 220 220 300 300 5000 1100 1100 1300 1300 100 100 200 200 220 220 300 300 5000 
1100 1100 1300 1300 100 100 200 200 220 220 300 300 5000 1100 1100 1300 1300 100 100 200 200 220 220 300 300 5000 1100 1100 1300 1300 100 100 200 200 220 220 300 300 5000 1100 1100 1300 1300 100 100 200 200 220 220 300 300 5000 1100 1100 1300 1300 100 100 200 200 220 220 300 300 5000 
1100 1100 1300 1300 100 100 200 200 220 220 300 300 5000 1100 1100 1300 1300 100 100 200 200 220 220 300 300 5000 1100 1100 1300 1300 100 100 200 200 220 220 300 300 5000 1100 1100 1300 1300 100 100 200 200 220 220 300 300 5000 1100 1100 1300 1300 100 100 200 200 220 220 300 300 5000 
1100 1100 1300 1300 100 100 200 200 220 220 300 300 5000 1100 1100 1300 1300 100 100 200 200 220 220 300 300 5000 1100 1100 1300 1300 100 100 200 200 220 220 300 300 5000 1100 1100 1300 1300 100 100 200 200 220 220 300 300 5000 1100 1100 1300 1300 100 100 200 200 220 220 300 300 5000 
1100 1100 1300 1300 100 100 200 200 220 220 300 300 5000 1100 1100 1300 1300 100 100 200 200 220 220 300 300 5000 1100 1100 1300 1300 100 100 200 200 220 220 300 300 5000 1100 1100 1300 1300 100 100 200 200 220 220 300 300 5000 1100 1100 1300 1300 100 100 200 200 220 220 300 300 5000 
1100 1100 1300 1300 100 100 200 200 220 220 300 300 5000 1100 1100 1300 1300 100 100 200 200 220 220 300 300 5000 1100 1100 1300 1300 100 100 200 200 220 220 300 300 5000 1100 1100 1300 1300 100 100 200 200 220 220 300 300 5000 1100 1100 1300 1300 100 100 200 200 220 220 300 300 5000 
1100 1100 1300 1300 100 100 200 200 220 220 300 300 5000 1100 1100 1300 1300 100 100 200 200 220 220 300 300 5000 1100 1100 1300 1300 100 100 200 200 220 220 300 300 5000 1100 1100 1300 1300 100 100 200 200 220 220 300 300 5000 1100 1100 1300 1300 100 100 200 200 220 220 300 300 5000 
1100 1100 1300 1300 100 100 200 200 220 220 300 300 5000 1100 1100 1300 1300 100 100 200 200 220 220 300 300 5000 1100 1100 1300 1300 100 100 200 200 220 220 300 300 5000 1100 1100 1300 1300 100 100 200 200 220 220 300 300 5000 1100 1100 1300 1300 100 100 200 200 220 220 300 300 5000 
Set-up times
2 2 2 2 2 
2 2 2 2 2 
2 2 2 2 2 
2 2 2 2 2 
2 2 2 2 2 
2 2 2 2 2 
2 2 2 2 2 
2 2 2 2 2 
2 2 2 2 2 
2 2 2 2 2 
2 2 2 2 2 
2 2 2 2 2 
2 2 2 2 2 
2 2 2 2 2 
2 2 2 2 2 
2 2 2 2 2 
2 2 2 2 2 
2 2 2 2 2 
2 2 2 2 2 
2 2 2 2 2 
Set-up costs
500 500 500 500 500 
500 500 500 500 500 
500 500 500 500 500 
500 500 500 500 500 
500 500 500 500 500 
500 500 500 500 500 
500 500 500 500 500 
500 500 500 500 500 
500 500 500 500 500 
500 500 500 500 500 
500 500 500 500 500 
500 500 500 500 500 
500 500 500 500 500 
500 500 500 500 500 
500 500 500 500 500 
500 500 500 500 500 
500 500 500 500 500 
500 500 500 500 500 
500 500 500 500 500 
500 500 500 500 500 
Capacity of workshops
1 1 2 3 4 5 6 7 8 9 10 11 12 13 
1 1 2 3 4 5 6 7 8 9 10 11 12 13 
1 1 2 3 4 5 6 7 8 9 10 11 12 13 
1 1 2 3 4 5 6 7 8 9 10 11 12 13 
1 1 2 3 4 5 6 7 8 9 10 11 12 13 
