100 1 3
Due dates 
107.53535353535354
93.02083333333333
28.410526315789475
65.30208333333333
68.3265306122449
64.10204081632654
36.82666666666667
18.826666666666668
89.26
33.3728813559322
27.96969696969697
41.30769230769231
32.92156862745098
80.93
89.0721649484536
71.08333333333333
41.1948051948052
52.212765957446805
51.05494505494506
11.421875
42.45977011494253
102.11111111111111
53.88172043010753
28.29230769230769
96.10526315789474
88.85858585858585
46.2183908045977
42.0722891566265
38.10666666666667
29.904255319148938
6.74
45.61797752808989
59.75257731958763
10.575
2.0681818181818183
6.089887640449438
26.567010309278352
20.43617021276596
98.05208333333333
6.680851063829787
18.948453608247423
10.708860759493671
25.583333333333332
97.88775510204081
27.63736263736264
28.382978723404257
84.28571428571429
88.52577319587628
21.5
84.73195876288659
45.8
32.59016393442623
23.142857142857142
61.45744680851064
64.74226804123711
3.78494623655914
32.26829268292683
21.375
72.85263157894737
29.988888888888887
25.301204819277107
38.3
20.662790697674417
19.824324324324323
92.37113402061856
9.545454545454545
83.78
8.253968253968255
72.75757575757575
30.808988764044944
78.8080808080808
53.20652173913044
67.9375
35.31868131868132
68.8125
12.170731707317072
15.222222222222221
85.72164948453609
69.6774193548387
52.8125
9.28125
12.55
79.04166666666667
21.930555555555557
105.13
66.14141414141415
95.51578947368421
41.72727272727273
26.5
20.91578947368421
4.7894736842105265
3.037037037037037
18.294117647058822
22.142857142857142
78.13978494623656
81.4949494949495
50.666666666666664
59.395833333333336
79.34343434343434
16.833333333333332
Standard deviation 
38.39989297420721
31.075505884413566
15.827687091623972
29.299146671186897
28.704964908745804
28.251237934197864
19.003419575317373
16.554856957669216
41.61841419371959
31.21163315560659
16.19917353263727
28.069651323872673
28.389340126771625
42.20977493424953
32.8966665257876
29.701524465177805
26.223831216344983
27.119464761407514
24.206239608538787
8.571035321615177
22.733237906076628
45.31904607501432
25.293056322148754
22.715445830754472
35.37929030980532
33.95154303957157
22.117463473778777
28.872291770989698
26.80028523894641
19.276857003536964
6.234773452179317
24.679749064509053
35.555396280981455
7.864119467556428
1.6431362372654543
5.258787080725843
15.40244137596699
14.12599724262635
44.29667260633755
6.785799888499084
12.368375981219048
7.228901029515906
16.007593684109914
36.57027974006427
17.8661177784344
17.433830149465102
35.034385441524535
34.058800816557856
9.7082439194738
30.359874313445314
25.441086629483593
27.180258656401033
14.607162702809369
26.403845985820233
25.45636183241012
3.026227511952586
24.34009478531748
13.862857549742206
23.94114204770684
18.21567971979967
14.646628741391979
24.7549994950515
17.193569961644382
12.951424953542608
32.67185162191942
8.192165174600294
32.616431441836184
8.228807805736752
40.932092299095025
18.7172193774768
35.80634692558131
22.85328348755537
29.108923495782754
21.623592691743948
25.774790857541404
9.715219237385128
10.919458223796388
27.979278882125197
24.289544319166296
26.769195799463233
8.303743037781215
8.935742834258381
31.013745832381414
13.254272255566933
40.885120765383576
32.885479311017434
31.426057963314033
20.336223431873343
21.026138134438405
13.138663841297793
3.5920811643687482
2.191140660407265
13.194315647199133
15.613311954997942
26.079527420783265
30.313971088909938
25.703576310028303
28.707025550764087
28.820293641443396
14.311029157805372
