20 13 2 682
Due dates
782 806 805 781 772 878 780 757 813 795 806 789 751
809 805 795 800 872 858 775 853 824 804 859 832 927
878 967 861 873 797 inf inf 723 899 869 897 857 inf
729 725 728 726 1207 1203 1228 1224 752 819 754 720 773
857 843 826 849 718 718 781 741 979 840 843 833 inf
755 750 748 750 712 711 737 761 764 749 763 744 inf
690 689 684 inf 818 870 892 891 730 699 732 695 880
870 2486 786 804 2273 2219 2283 2264 890 858 895 859 inf
833 820 812 816 691 689 719 710 879 821 881 816 inf
1408 inf inf inf 1306 1301 1332 1326 inf 1337 inf 1329 1179
840 837 831 832 795 794 874 828 795 836 789 827 763
774 763 758 765 inf inf 706 785 791 767 793 761 1040
3487 inf 3478 3577 2157 2153 2256 3612 735 3364 741 inf 2275
846 780 780 790 727 727 750 750 790 785 788 777 inf
1178 1176 1185 820 1038 1035 1070 945 817 803 814 1163 1167
912 689 inf 683 838 836 849 847 908 885 715 879 842
2447 inf 2467 2417 2139 2136 2245 3819 inf 2443 inf 2395 2031
783 984 765 970 917 899 853 834 809 833 814 776 2627
785 782 778 780 704 703 722 756 795 777 798 765 inf
inf inf 10711 inf 1792 1789 inf 1862 inf inf inf inf 2167
Standard deviation
24 48 48 24 38 118 41 20 47 39 42 35 20
69 66 61 64 92 82 52 75 75 64 48 14 130
116 185 107 113 71 0 0 29 126 109 124 101 0
27 25 27 26 360 357 372 369 40 36 42 22 13
113 104 93 108 24 24 52 40 184 101 78 97 0
32 30 29 30 20 20 36 48 34 28 34 26 0
6 5 2 0 78 123 137 136 29 11 31 8 123
111 1401 65 76 1240 1194 1242 1225 122 103 125 104 0
81 74 71 72 7 5 25 18 107 74 107 71 0
494 0 0 0 437 432 453 449 0 440 0 434 337
87 85 82 82 77 77 127 100 23 83 9 78 54
50 45 42 46 0 0 16 65 59 46 60 42 223
2274 0 2273 2344 1170 1166 1247 2389 34 2171 38 0 1281
94 61 61 67 29 29 43 43 46 63 44 58 0
321 319 325 43 250 248 272 168 28 20 14 308 352
120 4 0 1 88 87 93 92 113 101 17 98 85
1373 0 1391 1346 1169 1167 1254 2601 0 1364 0 1327 1071
58 158 48 147 124 110 73 58 72 11 75 54 1549
47 46 55 56 14 13 24 36 50 42 51 47 0
0 0 8904 0 869 867 0 924 0 0 0 0 1182
Previous repair times
620 603 604 621 605 515 606 624 607 610 611 612 617 
463 464 465 466 668 669 467 670 470 471 673 674 662 
431 312 432 435 436 157 437 159 438 439 442 443 639 
311 312 313 316 543 544 547 548 317 652 319 320 655 
241 242 243 246 247 248 537 250 409 253 540 254 221 
520 521 522 523 247 248 249 394 526 527 528 529 165 
232 225 226 233 564 451 452 453 234 235 236 227 458 
417 592 263 264 593 596 597 598 418 421 422 414 172 
481 484 478 485 192 303 193 304 501 486 502 487 198 
568 333 334 337 569 570 571 572 344 575 346 576 561 
486 487 488 491 201 204 352 205 625 492 628 493 208 
417 418 421 422 169 170 171 309 423 424 425 428 632 
492 0 493 494 317 318 319 481 0 495 0 589 200 
446 275 276 277 278 281 282 283 551 284 554 285 179 
529 530 533 642 355 358 359 512 645 646 647 534 228 
589 397 400 401 590 591 592 593 596 597 404 598 584 
501 620 502 505 213 214 215 362 0 506 0 507 220 
380 667 382 668 669 670 673 674 386 675 388 389 571 
537 534 367 368 369 372 373 540 541 542 543 375 242 
680 576 498 681 324 325 682 327 0 0 0 577 207 
Processing times
1 1 1 1 1 1 1 1 1 1 1 1 3 1 1 1 1 1 1 1 1 1 1 1 1 3 
1 1 1 1 1 1 1 1 1 1 1 1 3 1 1 1 1 1 1 1 1 1 1 1 1 3 
1 1 1 1 1 1 1 1 1 1 1 1 3 1 1 1 1 1 1 1 1 1 1 1 1 3 
1 1 1 1 1 1 1 1 1 1 1 1 3 1 1 1 1 1 1 1 1 1 1 1 1 3 
1 1 1 1 1 1 1 1 1 1 1 1 3 1 1 1 1 1 1 1 1 1 1 1 1 3 
1 1 1 1 1 1 1 1 1 1 1 1 3 1 1 1 1 1 1 1 1 1 1 1 1 3 
1 1 1 1 1 1 1 1 1 1 1 1 3 1 1 1 1 1 1 1 1 1 1 1 1 3 
1 1 1 1 1 1 1 1 1 1 1 1 3 1 1 1 1 1 1 1 1 1 1 1 1 3 
1 1 1 1 1 1 1 1 1 1 1 1 3 1 1 1 1 1 1 1 1 1 1 1 1 3 
1 1 1 1 1 1 1 1 1 1 1 1 3 1 1 1 1 1 1 1 1 1 1 1 1 3 
1 1 1 1 1 1 1 1 1 1 1 1 3 1 1 1 1 1 1 1 1 1 1 1 1 3 
1 1 1 1 1 1 1 1 1 1 1 1 3 1 1 1 1 1 1 1 1 1 1 1 1 3 
1 1 1 1 1 1 1 1 1 1 1 1 3 1 1 1 1 1 1 1 1 1 1 1 1 3 
1 1 1 1 1 1 1 1 1 1 1 1 3 1 1 1 1 1 1 1 1 1 1 1 1 3 
1 1 1 1 1 1 1 1 1 1 1 1 3 1 1 1 1 1 1 1 1 1 1 1 1 3 
1 1 1 1 1 1 1 1 1 1 1 1 3 1 1 1 1 1 1 1 1 1 1 1 1 3 
1 1 1 1 1 1 1 1 1 1 1 1 3 1 1 1 1 1 1 1 1 1 1 1 1 3 
1 1 1 1 1 1 1 1 1 1 1 1 3 1 1 1 1 1 1 1 1 1 1 1 1 3 
1 1 1 1 1 1 1 1 1 1 1 1 3 1 1 1 1 1 1 1 1 1 1 1 1 3 
1 1 1 1 1 1 1 1 1 1 1 1 3 1 1 1 1 1 1 1 1 1 1 1 1 3 
Maintenance costs
1100 1100 1300 1300 100 100 200 200 220 220 300 300 5000 1100 1100 1300 1300 100 100 200 200 220 220 300 300 5000 
1100 1100 1300 1300 100 100 200 200 220 220 300 300 5000 1100 1100 1300 1300 100 100 200 200 220 220 300 300 5000 
1100 1100 1300 1300 100 100 200 200 220 220 300 300 5000 1100 1100 1300 1300 100 100 200 200 220 220 300 300 5000 
1100 1100 1300 1300 100 100 200 200 220 220 300 300 5000 1100 1100 1300 1300 100 100 200 200 220 220 300 300 5000 
1100 1100 1300 1300 100 100 200 200 220 220 300 300 5000 1100 1100 1300 1300 100 100 200 200 220 220 300 300 5000 
1100 1100 1300 1300 100 100 200 200 220 220 300 300 5000 1100 1100 1300 1300 100 100 200 200 220 220 300 300 5000 
1100 1100 1300 1300 100 100 200 200 220 220 300 300 5000 1100 1100 1300 1300 100 100 200 200 220 220 300 300 5000 
1100 1100 1300 1300 100 100 200 200 220 220 300 300 5000 1100 1100 1300 1300 100 100 200 200 220 220 300 300 5000 
1100 1100 1300 1300 100 100 200 200 220 220 300 300 5000 1100 1100 1300 1300 100 100 200 200 220 220 300 300 5000 
1100 1100 1300 1300 100 100 200 200 220 220 300 300 5000 1100 1100 1300 1300 100 100 200 200 220 220 300 300 5000 
1100 1100 1300 1300 100 100 200 200 220 220 300 300 5000 1100 1100 1300 1300 100 100 200 200 220 220 300 300 5000 
1100 1100 1300 1300 100 100 200 200 220 220 300 300 5000 1100 1100 1300 1300 100 100 200 200 220 220 300 300 5000 
1100 1100 1300 1300 100 100 200 200 220 220 300 300 5000 1100 1100 1300 1300 100 100 200 200 220 220 300 300 5000 
1100 1100 1300 1300 100 100 200 200 220 220 300 300 5000 1100 1100 1300 1300 100 100 200 200 220 220 300 300 5000 
1100 1100 1300 1300 100 100 200 200 220 220 300 300 5000 1100 1100 1300 1300 100 100 200 200 220 220 300 300 5000 
1100 1100 1300 1300 100 100 200 200 220 220 300 300 5000 1100 1100 1300 1300 100 100 200 200 220 220 300 300 5000 
1100 1100 1300 1300 100 100 200 200 220 220 300 300 5000 1100 1100 1300 1300 100 100 200 200 220 220 300 300 5000 
1100 1100 1300 1300 100 100 200 200 220 220 300 300 5000 1100 1100 1300 1300 100 100 200 200 220 220 300 300 5000 
1100 1100 1300 1300 100 100 200 200 220 220 300 300 5000 1100 1100 1300 1300 100 100 200 200 220 220 300 300 5000 
1100 1100 1300 1300 100 100 200 200 220 220 300 300 5000 1100 1100 1300 1300 100 100 200 200 220 220 300 300 5000 
Set-up times
2 2 
2 2 
2 2 
2 2 
2 2 
2 2 
2 2 
2 2 
2 2 
2 2 
2 2 
2 2 
2 2 
2 2 
2 2 
2 2 
2 2 
2 2 
2 2 
2 2 
Set-up costs
500 500 
500 500 
500 500 
500 500 
500 500 
500 500 
500 500 
500 500 
500 500 
500 500 
500 500 
500 500 
500 500 
500 500 
500 500 
500 500 
500 500 
500 500 
500 500 
500 500 
Capacity of workshops
1 1 2 3 4 5 6 7 8 9 10 11 12 13 
1 1 2 3 4 5 6 7 8 9 10 11 12 13 
